id,predict_0,predict_1,predict_2
2,0.957406287,0.037417820,0.0051758933
3,0.022135096,0.973388925,0.0044759788
4,0.502850598,0.487899481,0.0092499212
7,0.344195637,0.068877915,0.5869264479
9,0.031826283,0.212144087,0.7560296305
10,0.944277392,0.049237295,0.0064853130
11,0.657190572,0.334957396,0.0078520317
12,0.945491764,0.048164258,0.0063439774
14,0.517931949,0.433428490,0.0486395611
15,0.912271381,0.082243816,0.0054848031
16,0.490100178,0.387798265,0.1221015571
17,0.336026237,0.424705180,0.2392685831
18,0.912271381,0.082243816,0.0054848031
21,0.687399510,0.275755977,0.0368445132
22,0.912271381,0.082243816,0.0054848031
25,0.892033615,0.073560303,0.0344060818
30,0.957406287,0.037417820,0.0051758933
32,0.705780714,0.275753906,0.0184653796
34,0.138707431,0.856165809,0.0051267596
35,0.291687918,0.452668916,0.2556431664
36,0.912271381,0.082243816,0.0054848031
37,0.945491764,0.048164258,0.0063439774
39,0.708876044,0.169272680,0.1218512756
40,0.008105653,0.990210416,0.0016839310
41,0.900358252,0.094228569,0.0054131784
42,0.018338598,0.972572463,0.0090889391
45,0.385246787,0.368387374,0.2463658390
46,0.957406287,0.037417820,0.0051758933
47,0.567551615,0.282049914,0.1503984703
48,0.590539952,0.067877963,0.3415820848
50,0.699114503,0.258578384,0.0423071130
51,0.299928309,0.692749515,0.0073221761
52,0.957406287,0.037417820,0.0051758933
56,0.668645378,0.282608407,0.0487462145
58,0.070008784,0.923261197,0.0067300184
62,0.912271381,0.082243816,0.0054848031
63,0.957406287,0.037417820,0.0051758933
65,0.606718871,0.152898709,0.2403824195
66,0.407206183,0.330153204,0.2626406130
70,0.512731767,0.173415694,0.3138525383
71,0.845635704,0.145519508,0.0088447874
72,0.012971248,0.986030831,0.0009979206
73,0.942116340,0.053149204,0.0047344558
74,0.908059786,0.086480732,0.0054594819
76,0.957406287,0.037417820,0.0051758933
77,0.025644305,0.081365528,0.8929901671
78,0.667070541,0.296707347,0.0362221113
82,0.490100178,0.387798265,0.1221015571
85,0.368729629,0.244576234,0.3866941365
86,0.924477847,0.070250265,0.0052718883
87,0.927043256,0.068121504,0.0048352396
95,0.957406287,0.037417820,0.0051758933
96,0.188035726,0.355623019,0.4563412548
97,0.949982595,0.038940306,0.0110770987
98,0.957406287,0.037417820,0.0051758933
100,0.944277392,0.049237295,0.0064853130
101,0.602136785,0.387825387,0.0100378282
102,0.957406287,0.037417820,0.0051758933
103,0.900440108,0.031779485,0.0677804067
106,0.013994202,0.464476072,0.5215297260
108,0.585780134,0.404454709,0.0097651572
109,0.089323400,0.200782209,0.7098943908
110,0.971432855,0.011620646,0.0169464995
113,0.629271406,0.298928080,0.0718005142
114,0.779579338,0.209623815,0.0107968472
116,0.951734345,0.042400520,0.0058651351
117,0.719774733,0.229914688,0.0503105791
118,0.022495327,0.976743085,0.0007615882
121,0.907351758,0.086855864,0.0057923785
122,0.944277392,0.049237295,0.0064853130
123,0.890125028,0.099959550,0.0099154219
124,0.957406287,0.037417820,0.0051758933
126,0.008275287,0.043816892,0.9479078211
127,0.884679735,0.062327038,0.0529932274
128,0.552082129,0.364834055,0.0830838170
133,0.040749276,0.805587321,0.1536634034
136,0.011248798,0.985599523,0.0031516788
137,0.858977521,0.135054741,0.0059677382
140,0.955419510,0.039163168,0.0054173220
141,0.888636759,0.106020535,0.0053427058
143,0.616377937,0.128795974,0.2548260889
144,0.679557208,0.311867238,0.0085755538
145,0.512731767,0.173415694,0.3138525383
147,0.407206183,0.330153204,0.2626406130
148,0.042591577,0.952677338,0.0047310851
150,0.770644035,0.177553709,0.0518022552
151,0.368729629,0.244576234,0.3866941365
153,0.749919850,0.207642111,0.0424380393
155,0.921875814,0.073239854,0.0048843329
156,0.877132956,0.111943879,0.0109231653
160,0.656011510,0.290364133,0.0536243571
163,0.590539952,0.067877963,0.3415820848
164,0.017843934,0.973175984,0.0089800825
165,0.652606136,0.281103927,0.0662899371
166,0.741157263,0.250649295,0.0081934423
167,0.398311023,0.314146554,0.2875424231
168,0.957406287,0.037417820,0.0051758933
169,0.806385735,0.181477968,0.0121362967
170,0.583874564,0.149059847,0.2670655897
171,0.585780134,0.404454709,0.0097651572
172,0.590539952,0.067877963,0.3415820848
173,0.030566205,0.963090627,0.0063431682
174,0.073752253,0.121635603,0.8046121435
175,0.446597913,0.544531361,0.0088707262
176,0.407206183,0.330153204,0.2626406130
180,0.877132956,0.111943879,0.0109231653
181,0.407206183,0.330153204,0.2626406130
182,0.173040612,0.152637257,0.6743221302
185,0.668645378,0.282608407,0.0487462145
186,0.951734345,0.042400520,0.0058651351
187,0.567551615,0.282049914,0.1503984703
189,0.574899623,0.332392896,0.0927074805
192,0.061675649,0.931789671,0.0065346797
194,0.921875814,0.073239854,0.0048843329
195,0.029411782,0.374539279,0.5960489389
197,0.962273744,0.033141845,0.0045844107
198,0.907351758,0.086855864,0.0057923785
201,0.957406287,0.037417820,0.0051758933
202,0.676339794,0.227947911,0.0957122947
203,0.734796842,0.248498287,0.0167048716
205,0.698063813,0.292589247,0.0093469400
208,0.623260223,0.329082454,0.0476573222
209,0.912271381,0.082243816,0.0054848031
210,0.977702688,0.020458365,0.0018389477
211,0.945873459,0.042139413,0.0119871281
214,0.740402356,0.252302314,0.0072953307
215,0.019695307,0.975065402,0.0052392913
216,0.501593870,0.401316422,0.0970897086
218,0.011429498,0.983555938,0.0050145641
219,0.188035726,0.355623019,0.4563412548
220,0.531461314,0.336047181,0.1324915044
222,0.409247137,0.391337406,0.1994154573
224,0.468757076,0.097626918,0.4336160066
226,0.490100178,0.387798265,0.1221015571
228,0.253495981,0.335920962,0.4105830573
229,0.020844922,0.307636770,0.6715183084
230,0.900358252,0.094228569,0.0054131784
231,0.777858912,0.211869539,0.0102715494
232,0.704451321,0.284415609,0.0111330699
233,0.957406287,0.037417820,0.0051758933
235,0.912271381,0.082243816,0.0054848031
236,0.912271381,0.082243816,0.0054848031
237,0.397824965,0.544448270,0.0577267648
241,0.957406287,0.037417820,0.0051758933
244,0.945491764,0.048164258,0.0063439774
245,0.909089918,0.085106607,0.0058034746
246,0.079811149,0.912797622,0.0073912289
249,0.566773470,0.423778221,0.0094483095
250,0.669463862,0.272977367,0.0575587712
252,0.352970066,0.587690043,0.0593398910
253,0.750432018,0.121684052,0.1278839306
254,0.707662527,0.243463705,0.0488737677
255,0.049128304,0.941003340,0.0098683556
258,0.567551615,0.282049914,0.1503984703
261,0.229592403,0.613223757,0.1571838398
264,0.173040612,0.152637257,0.6743221302
267,0.385246787,0.368387374,0.2463658390
268,0.352970066,0.587690043,0.0593398910
271,0.490100178,0.387798265,0.1221015571
273,0.957406287,0.037417820,0.0051758933
276,0.957406287,0.037417820,0.0051758933
277,0.912271381,0.082243816,0.0054848031
278,0.900358252,0.094228569,0.0054131784
280,0.957406287,0.037417820,0.0051758933
281,0.585780134,0.404454709,0.0097651572
282,0.440928237,0.481865947,0.0772058163
283,0.511051765,0.361554092,0.1273941427
285,0.734020922,0.230443470,0.0355356078
286,0.944277392,0.049237295,0.0064853130
287,0.016105284,0.954372274,0.0295224426
288,0.382793787,0.595392168,0.0218140442
289,0.962273744,0.033141845,0.0045844107
291,0.532185511,0.264474409,0.2033400804
294,0.750432018,0.121684052,0.1278839306
298,0.409255961,0.255703961,0.3350400783
301,0.981371281,0.013193732,0.0054349877
303,0.957406287,0.037417820,0.0051758933
304,0.751555091,0.229794775,0.0186501347
305,0.778807694,0.211371711,0.0098205954
307,0.769477525,0.166785166,0.0637373082
308,0.641813926,0.322029114,0.0361569597
309,0.491849014,0.390075298,0.1180756884
310,0.491296356,0.123127468,0.3855761765
311,0.016386091,0.014523610,0.9690902987
312,0.750157721,0.204106118,0.0457361613
314,0.957406287,0.037417820,0.0051758933
316,0.728111393,0.176699285,0.0951893220
318,0.957406287,0.037417820,0.0051758933
322,0.407206183,0.330153204,0.2626406130
324,0.774904993,0.164465955,0.0606290513
325,0.323877733,0.152786877,0.5233353897
326,0.900358252,0.094228569,0.0054131784
328,0.842164344,0.123969545,0.0338661109
329,0.253495981,0.335920962,0.4105830573
330,0.900358252,0.094228569,0.0054131784
331,0.957406287,0.037417820,0.0051758933
332,0.957406287,0.037417820,0.0051758933
333,0.164240544,0.798741840,0.0370176161
335,0.566773470,0.423778221,0.0094483095
336,0.957996731,0.037111154,0.0048921144
337,0.490100178,0.387798265,0.1221015571
340,0.545585963,0.393848056,0.0605659806
342,0.512731767,0.173415694,0.3138525383
344,0.957406287,0.037417820,0.0051758933
346,0.944277392,0.049237295,0.0064853130
347,0.964199536,0.033274641,0.0025258234
349,0.704451321,0.284415609,0.0111330699
351,0.585780134,0.404454709,0.0097651572
352,0.912271381,0.082243816,0.0054848031
353,0.957406287,0.037417820,0.0051758933
354,0.382964833,0.603083492,0.0139516745
356,0.909089918,0.085106607,0.0058034746
359,0.008261048,0.985969545,0.0057694072
361,0.704451321,0.284415609,0.0111330699
362,0.602136785,0.387825387,0.0100378282
365,0.779863785,0.124140438,0.0959957770
366,0.974936577,0.010789537,0.0142738856
367,0.279753973,0.478354702,0.2418913251
368,0.602136785,0.387825387,0.0100378282
369,0.559985248,0.160505916,0.2795088355
370,0.912271381,0.082243816,0.0054848031
372,0.567551615,0.282049914,0.1503984703
374,0.957406287,0.037417820,0.0051758933
375,0.532185511,0.264474409,0.2033400804
376,0.491296356,0.123127468,0.3855761765
378,0.409247137,0.391337406,0.1994154573
380,0.957406287,0.037417820,0.0051758933
382,0.957406287,0.037417820,0.0051758933
383,0.960346519,0.026956913,0.0126965674
384,0.602136785,0.387825387,0.0100378282
386,0.532185511,0.264474409,0.2033400804
388,0.912271381,0.082243816,0.0054848031
389,0.368729629,0.244576234,0.3866941365
390,0.924477847,0.070250265,0.0052718883
393,0.983990035,0.008064917,0.0079450479
394,0.697643493,0.289371645,0.0129848612
395,0.479052033,0.221872257,0.2990757109
396,0.253495981,0.335920962,0.4105830573
398,0.652606136,0.281103927,0.0662899371
399,0.427469757,0.139508131,0.4330221117
401,0.740820934,0.249239650,0.0099394159
402,0.945491764,0.048164258,0.0063439774
404,0.921875814,0.073239854,0.0048843329
405,0.912271381,0.082243816,0.0054848031
407,0.828832870,0.163878849,0.0072882813
410,0.908059786,0.086480732,0.0054594819
414,0.018338598,0.972572463,0.0090889391
416,0.479052033,0.221872257,0.2990757109
418,0.957406287,0.037417820,0.0051758933
419,0.945873459,0.042139413,0.0119871281
422,0.912271381,0.082243816,0.0054848031
423,0.949982595,0.038940306,0.0110770987
425,0.957406287,0.037417820,0.0051758933
426,0.900358252,0.094228569,0.0054131784
427,0.957406287,0.037417820,0.0051758933
428,0.818443634,0.117940988,0.0636153771
431,0.747967420,0.153629627,0.0984029531
433,0.907351758,0.086855864,0.0057923785
434,0.741157263,0.250649295,0.0081934423
435,0.957406287,0.037417820,0.0051758933
436,0.912271381,0.082243816,0.0054848031
440,0.621613203,0.315864828,0.0625219688
441,0.020844922,0.307636770,0.6715183084
442,0.957996731,0.037111154,0.0048921144
443,0.931073854,0.063288496,0.0056376496
445,0.291687918,0.452668916,0.2556431664
448,0.427469757,0.139508131,0.4330221117
451,0.770644035,0.177553709,0.0518022552
454,0.606718871,0.152898709,0.2403824195
456,0.808690112,0.175293590,0.0160162980
457,0.011248798,0.985599523,0.0031516788
458,0.876641988,0.110501763,0.0128562493
459,0.912271381,0.082243816,0.0054848031
460,0.385246787,0.368387374,0.2463658390
461,0.006078649,0.983349058,0.0105722935
463,0.602136785,0.387825387,0.0100378282
464,0.687456326,0.270805425,0.0417382494
467,0.545585963,0.393848056,0.0605659806
468,0.751555091,0.229794775,0.0186501347
471,0.494908926,0.341695023,0.1633960506
473,0.253495981,0.335920962,0.4105830573
475,0.877132956,0.111943879,0.0109231653
476,0.409255961,0.255703961,0.3350400783
478,0.196536826,0.274282683,0.5291804907
481,0.666328621,0.299989046,0.0336823330
482,0.945491764,0.048164258,0.0063439774
483,0.915104923,0.079393238,0.0055018390
485,0.955419510,0.039163168,0.0054173220
490,0.957406287,0.037417820,0.0051758933
493,0.705780714,0.275753906,0.0184653796
494,0.975072903,0.017766252,0.0071608449
508,0.080275213,0.903888376,0.0158364103
509,0.951734345,0.042400520,0.0058651351
510,0.828917313,0.160841475,0.0102412114
511,0.957406287,0.037417820,0.0051758933
512,0.566773470,0.423778221,0.0094483095
513,0.323877733,0.152786877,0.5233353897
514,0.602136785,0.387825387,0.0100378282
516,0.873504849,0.120426485,0.0060686666
517,0.296995077,0.281834141,0.4211707825
518,0.668645378,0.282608407,0.0487462145
520,0.194045968,0.383352911,0.4226011215
521,0.798172956,0.194523460,0.0073035846
522,0.796853169,0.196191940,0.0069548902
523,0.048493881,0.507799626,0.4437064930
524,0.957406287,0.037417820,0.0051758933
525,0.164240544,0.798741840,0.0370176161
526,0.018338598,0.972572463,0.0090889391
527,0.409255961,0.255703961,0.3350400783
528,0.020844922,0.307636770,0.6715183084
529,0.600083896,0.304886400,0.0950297038
530,0.344195637,0.068877915,0.5869264479
531,0.957406287,0.037417820,0.0051758933
534,0.705780714,0.275753906,0.0184653796
535,0.383120234,0.608056665,0.0088231014
536,0.957406287,0.037417820,0.0051758933
537,0.013506194,0.976276390,0.0102174157
538,0.791910746,0.192010251,0.0160790034
539,0.750432018,0.121684052,0.1278839306
540,0.944277392,0.049237295,0.0064853130
542,0.079735972,0.892823594,0.0274404340
545,0.042321186,0.940347305,0.0173315093
546,0.697643493,0.289371645,0.0129848612
547,0.912271381,0.082243816,0.0054848031
548,0.402383964,0.582956909,0.0146591269
551,0.912271381,0.082243816,0.0054848031
554,0.198978144,0.532476519,0.2685453366
556,0.025029912,0.387607310,0.5873627784
557,0.924477847,0.070250265,0.0052718883
559,0.929365842,0.065710141,0.0049240170
560,0.467468701,0.185721634,0.3468096647
562,0.912271381,0.082243816,0.0054848031
563,0.782135872,0.163473423,0.0543907053
564,0.568568466,0.302239870,0.1291916641
565,0.863291334,0.088348970,0.0483596964
566,0.188035726,0.355623019,0.4563412548
567,0.479052033,0.221872257,0.2990757109
568,0.009691060,0.981116615,0.0091923245
571,0.012724543,0.981686026,0.0055894312
572,0.900358252,0.094228569,0.0054131784
573,0.741157263,0.250649295,0.0081934423
574,0.955419510,0.039163168,0.0054173220
577,0.924477847,0.070250265,0.0052718883
578,0.951734345,0.042400520,0.0058651351
579,0.957406287,0.037417820,0.0051758933
582,0.385246787,0.368387374,0.2463658390
584,0.944277392,0.049237295,0.0064853130
586,0.494908926,0.341695023,0.1633960506
587,0.164240544,0.798741840,0.0370176161
589,0.666328621,0.299989046,0.0336823330
590,0.440928237,0.481865947,0.0772058163
591,0.912271381,0.082243816,0.0054848031
592,0.011402873,0.905223858,0.0833732685
593,0.196536826,0.274282683,0.5291804907
595,0.385246787,0.368387374,0.2463658390
596,0.333269119,0.656510396,0.0102204850
597,0.531461314,0.336047181,0.1324915044
598,0.741157263,0.250649295,0.0081934423
600,0.912271381,0.082243816,0.0054848031
602,0.625007320,0.321605194,0.0533874866
606,0.427469757,0.139508131,0.4330221117
607,0.879190719,0.045524163,0.0752851176
609,0.704451321,0.284415609,0.0111330699
610,0.009476115,0.987272593,0.0032512917
611,0.352970066,0.587690043,0.0593398910
612,0.705780714,0.275753906,0.0184653796
613,0.912271381,0.082243816,0.0054848031
614,0.705780714,0.275753906,0.0184653796
617,0.744983490,0.203175256,0.0518412542
619,0.774611935,0.186925549,0.0384625154
620,0.323877733,0.152786877,0.5233353897
621,0.016105284,0.954372274,0.0295224426
625,0.048493881,0.507799626,0.4437064930
627,0.323877733,0.152786877,0.5233353897
628,0.385246787,0.368387374,0.2463658390
629,0.107177456,0.545202225,0.3476203193
631,0.409255961,0.255703961,0.3350400783
632,0.446597913,0.544531361,0.0088707262
633,0.912271381,0.082243816,0.0054848031
635,0.427469757,0.139508131,0.4330221117
639,0.536832198,0.205502558,0.2576652439
641,0.100407888,0.886947837,0.0126442751
642,0.067547170,0.055716980,0.8767358509
643,0.467468701,0.185721634,0.3468096647
644,0.915104923,0.079393238,0.0055018390
645,0.804071161,0.179770091,0.0161587486
647,0.194045968,0.383352911,0.4226011215
648,0.705780714,0.275753906,0.0184653796
649,0.585780134,0.404454709,0.0097651572
650,0.531461314,0.336047181,0.1324915044
652,0.266117980,0.409028287,0.3248537332
653,0.981371281,0.013193732,0.0054349877
654,0.688087256,0.290707534,0.0212052096
655,0.204925260,0.569423803,0.2256509371
658,0.105022831,0.844285975,0.0506911945
659,0.921875814,0.073239854,0.0048843329
661,0.299829626,0.691028475,0.0091418994
664,0.743006233,0.075692401,0.1813013658
666,0.551445065,0.421618479,0.0269364556
667,0.957406287,0.037417820,0.0051758933
668,0.957406287,0.037417820,0.0051758933
669,0.585780134,0.404454709,0.0097651572
670,0.728111393,0.176699285,0.0951893220
671,0.942116340,0.053149204,0.0047344558
672,0.957406287,0.037417820,0.0051758933
673,0.385246787,0.368387374,0.2463658390
674,0.952794331,0.041469341,0.0057363279
675,0.407206183,0.330153204,0.2626406130
676,0.531461314,0.336047181,0.1324915044
677,0.709222730,0.267583352,0.0231939177
685,0.567551615,0.282049914,0.1503984703
686,0.750157721,0.204106118,0.0457361613
688,0.957406287,0.037417820,0.0051758933
689,0.344195637,0.068877915,0.5869264479
690,0.012014356,0.020141509,0.9678441349
692,0.941827437,0.043002890,0.0151696729
694,0.969436435,0.023177212,0.0073863528
695,0.944277392,0.049237295,0.0064853130
696,0.467468701,0.185721634,0.3468096647
697,0.020790494,0.221356740,0.7578527658
699,0.685570261,0.284363857,0.0300658828
700,0.697643493,0.289371645,0.0129848612
701,0.676813856,0.271308635,0.0518775086
704,0.949665300,0.034814863,0.0155198376
705,0.873287657,0.110078945,0.0166333974
706,0.746706670,0.181212017,0.0720813127
707,0.705780714,0.275753906,0.0184653796
708,0.385246787,0.368387374,0.2463658390
709,0.494908926,0.341695023,0.1633960506
710,0.949982595,0.038940306,0.0110770987
711,0.491848492,0.507201190,0.0009503173
712,0.877132956,0.111943879,0.0109231653
713,0.585780134,0.404454709,0.0097651572
717,0.962273744,0.033141845,0.0045844107
718,0.731128254,0.234310748,0.0345609978
719,0.479052033,0.221872257,0.2990757109
723,0.801656992,0.191293696,0.0070493122
724,0.957406287,0.037417820,0.0051758933
725,0.567551615,0.282049914,0.1503984703
726,0.945491764,0.048164258,0.0063439774
728,0.860753424,0.134160100,0.0050864758
729,0.018290662,0.970491480,0.0112178581
730,0.821115662,0.136265501,0.0426188378
735,0.912271381,0.082243816,0.0054848031
736,0.021752713,0.464455868,0.5137914187
737,0.479052033,0.221872257,0.2990757109
738,0.952794331,0.041469341,0.0057363279
739,0.983302184,0.010157704,0.0065401119
743,0.697643493,0.289371645,0.0129848612
744,0.394200332,0.600694843,0.0051048254
746,0.632920121,0.187440492,0.1796393869
749,0.907351758,0.086855864,0.0057923785
750,0.352970066,0.587690043,0.0593398910
751,0.573931517,0.224039379,0.2020291042
753,0.471438552,0.494194433,0.0343670153
754,0.600083896,0.304886400,0.0950297038
756,0.751555091,0.229794775,0.0186501347
757,0.716419576,0.272258209,0.0113222148
758,0.718321752,0.237369448,0.0443087995
759,0.034470433,0.955123151,0.0104064157
760,0.024332377,0.971668613,0.0039990103
761,0.785837018,0.102409638,0.1117533434
762,0.494908926,0.341695023,0.1633960506
763,0.957406287,0.037417820,0.0051758933
764,0.948501100,0.045505166,0.0059937339
765,0.982414889,0.014829845,0.0027552659
767,0.957406287,0.037417820,0.0051758933
770,0.048493881,0.507799626,0.4437064930
771,0.664940854,0.217287525,0.1177716202
773,0.981170633,0.012535042,0.0062943249
774,0.957406287,0.037417820,0.0051758933
775,0.600083896,0.304886400,0.0950297038
776,0.948501100,0.045505166,0.0059937339
779,0.957406287,0.037417820,0.0051758933
781,0.292954387,0.211118824,0.4959267892
782,0.031826283,0.212144087,0.7560296305
783,0.006106085,0.991266027,0.0026278888
785,0.957406287,0.037417820,0.0051758933
786,0.912271381,0.082243816,0.0054848031
790,0.188035726,0.355623019,0.4563412548
791,0.219307778,0.503522710,0.2771695114
792,0.957406287,0.037417820,0.0051758933
793,0.656011510,0.290364133,0.0536243571
798,0.368729629,0.244576234,0.3866941365
799,0.705780714,0.275753906,0.0184653796
800,0.957406287,0.037417820,0.0051758933
801,0.700731791,0.290425446,0.0088427628
802,0.685570261,0.284363857,0.0300658828
803,0.676813856,0.271308635,0.0518775086
804,0.569337225,0.402852341,0.0278104345
805,0.352970066,0.587690043,0.0593398910
806,0.751907449,0.201591850,0.0465007006
807,0.006778647,0.986263335,0.0069580180
808,0.912271381,0.082243816,0.0054848031
814,0.676813856,0.271308635,0.0518775086
815,0.957406287,0.037417820,0.0051758933
816,0.471438552,0.494194433,0.0343670153
817,0.736839735,0.123586922,0.1395733427
819,0.467468701,0.185721634,0.3468096647
820,0.008261048,0.985969545,0.0057694072
823,0.089365176,0.908333947,0.0023008774
824,0.643282902,0.324559064,0.0321580341
825,0.467849274,0.524801765,0.0073489609
826,0.957406287,0.037417820,0.0051758933
828,0.196536826,0.274282683,0.5291804907
829,0.957406287,0.037417820,0.0051758933
830,0.924477847,0.070250265,0.0052718883
832,0.563800818,0.411236523,0.0249626593
833,0.253495981,0.335920962,0.4105830573
834,0.012369907,0.981086149,0.0065439444
835,0.976712784,0.022124639,0.0011625769
837,0.912271381,0.082243816,0.0054848031
838,0.512731767,0.173415694,0.3138525383
842,0.957406287,0.037417820,0.0051758933
844,0.012767504,0.954635628,0.0325968686
846,0.253495981,0.335920962,0.4105830573
847,0.018902727,0.950861650,0.0302356231
848,0.446597913,0.544531361,0.0088707262
849,0.777858912,0.211869539,0.0102715494
851,0.705780714,0.275753906,0.0184653796
852,0.957406287,0.037417820,0.0051758933
854,0.981371281,0.013193732,0.0054349877
857,0.745700717,0.177243221,0.0770560625
860,0.539040127,0.340839324,0.1201205486
861,0.075194722,0.883130453,0.0416748256
862,0.356550681,0.136893898,0.5065554211
863,0.945873459,0.042139413,0.0119871281
864,0.951734345,0.042400520,0.0058651351
865,0.685533917,0.278370572,0.0360955116
867,0.837903208,0.154978116,0.0071186757
868,0.924477847,0.070250265,0.0052718883
872,0.467468701,0.185721634,0.3468096647
875,0.021341627,0.602213789,0.3764445848
876,0.957406287,0.037417820,0.0051758933
877,0.713225602,0.253207839,0.0335665587
879,0.751555091,0.229794775,0.0186501347
880,0.945873459,0.042139413,0.0119871281
882,0.086301200,0.104740523,0.8089582779
884,0.016822343,0.974711696,0.0084659602
887,0.912271381,0.082243816,0.0054848031
889,0.957406287,0.037417820,0.0051758933
890,0.107177456,0.545202225,0.3476203193
891,0.912271381,0.082243816,0.0054848031
894,0.409247137,0.391337406,0.1994154573
895,0.912271381,0.082243816,0.0054848031
898,0.700731791,0.290425446,0.0088427628
899,0.957406287,0.037417820,0.0051758933
904,0.697643493,0.289371645,0.0129848612
907,0.470572148,0.390479259,0.1389485931
908,0.556703918,0.333927775,0.1093683065
910,0.479052033,0.221872257,0.2990757109
911,0.876641988,0.110501763,0.0128562493
913,0.957406287,0.037417820,0.0051758933
915,0.740820934,0.249239650,0.0099394159
916,0.602136785,0.387825387,0.0100378282
919,0.777858912,0.211869539,0.0102715494
921,0.656011510,0.290364133,0.0536243571
923,0.657190572,0.334957396,0.0078520317
925,0.705780714,0.275753906,0.0184653796
927,0.750099565,0.213135943,0.0367644918
930,0.597835879,0.331949848,0.0702142731
931,0.684254759,0.307110407,0.0086348338
932,0.957406287,0.037417820,0.0051758933
933,0.977862981,0.019430040,0.0027069793
934,0.912271381,0.082243816,0.0054848031
935,0.468757076,0.097626918,0.4336160066
936,0.679557208,0.311867238,0.0085755538
937,0.020844922,0.307636770,0.6715183084
939,0.371895796,0.023150842,0.6049533624
940,0.949665300,0.034814863,0.0155198376
941,0.018068546,0.972421902,0.0095095520
942,0.912271381,0.082243816,0.0054848031
944,0.912271381,0.082243816,0.0054848031
945,0.957406287,0.037417820,0.0051758933
947,0.583874564,0.149059847,0.2670655897
950,0.912271381,0.082243816,0.0054848031
951,0.726605193,0.221423628,0.0519711789
953,0.598147678,0.313899028,0.0879532946
955,0.971760661,0.026472850,0.0017664890
956,0.531461314,0.336047181,0.1324915044
960,0.296995077,0.281834141,0.4211707825
962,0.957406287,0.037417820,0.0051758933
963,0.945867210,0.050807284,0.0033255057
964,0.944277392,0.049237295,0.0064853130
965,0.567551615,0.282049914,0.1503984703
966,0.957406287,0.037417820,0.0051758933
970,0.581352970,0.382700691,0.0359463394
973,0.751555091,0.229794775,0.0186501347
974,0.957406287,0.037417820,0.0051758933
976,0.957406287,0.037417820,0.0051758933
977,0.686003471,0.175367405,0.1386291246
979,0.314442257,0.456379023,0.2291787205
981,0.016324881,0.963833666,0.0198414527
982,0.779237433,0.177684231,0.0430783354
983,0.741157263,0.250649295,0.0081934423
985,0.940539036,0.059027222,0.0004337424
986,0.743006233,0.075692401,0.1813013658
987,0.016105284,0.954372274,0.0295224426
990,0.912271381,0.082243816,0.0054848031
993,0.634045886,0.321747799,0.0442063148
994,0.349563357,0.252001919,0.3984347241
995,0.368729629,0.244576234,0.3866941365
996,0.957406287,0.037417820,0.0051758933
997,0.010479431,0.985537359,0.0039832102
1000,0.519422770,0.325111364,0.1554658665
1001,0.137459098,0.860067211,0.0024736905
1004,0.013506194,0.976276390,0.0102174157
1007,0.054770586,0.944520450,0.0007089646
1008,0.531182189,0.356553828,0.1122639826
1009,0.754949936,0.236438542,0.0086115220
1010,0.759881357,0.216194146,0.0239244971
1011,0.962273744,0.033141845,0.0045844107
1012,0.912271381,0.082243816,0.0054848031
1013,0.909089918,0.085106607,0.0058034746
1016,0.957406287,0.037417820,0.0051758933
1017,0.921875814,0.073239854,0.0048843329
1018,0.779863785,0.124140438,0.0959957770
1021,0.912271381,0.082243816,0.0054848031
1023,0.740820934,0.249239650,0.0099394159
1024,0.942116340,0.053149204,0.0047344558
1025,0.509078134,0.028382916,0.4625389499
1026,0.706636356,0.281650825,0.0117128191
1027,0.912271381,0.082243816,0.0054848031
1029,0.957406287,0.037417820,0.0051758933
1032,0.566773470,0.423778221,0.0094483095
1033,0.957406287,0.037417820,0.0051758933
1034,0.828917313,0.160841475,0.0102412114
1036,0.971936360,0.025295343,0.0027682970
1037,0.602136785,0.387825387,0.0100378282
1038,0.705780714,0.275753906,0.0184653796
1039,0.020844922,0.307636770,0.6715183084
1041,0.336026237,0.424705180,0.2392685831
1042,0.908059786,0.086480732,0.0054594819
1043,0.287746750,0.702953588,0.0092996616
1045,0.957406287,0.037417820,0.0051758933
1049,0.957406287,0.037417820,0.0051758933
1052,0.949982595,0.038940306,0.0110770987
1053,0.471438552,0.494194433,0.0343670153
1055,0.957406287,0.037417820,0.0051758933
1056,0.107177456,0.545202225,0.3476203193
1057,0.104508817,0.860996496,0.0344946872
1058,0.382964833,0.603083492,0.0139516745
1059,0.873504849,0.120426485,0.0060686666
1060,0.666328621,0.299989046,0.0336823330
1061,0.336026237,0.424705180,0.2392685831
1062,0.706636356,0.281650825,0.0117128191
1063,0.016386091,0.014523610,0.9690902987
1066,0.957406287,0.037417820,0.0051758933
1067,0.957406287,0.037417820,0.0051758933
1068,0.048493881,0.507799626,0.4437064930
1073,0.368729629,0.244576234,0.3866941365
1074,0.006394525,0.992347871,0.0012576040
1075,0.569286836,0.405507608,0.0252055564
1076,0.817528392,0.091022806,0.0914488015
1078,0.951734345,0.042400520,0.0058651351
1081,0.924477847,0.070250265,0.0052718883
1082,0.427469757,0.139508131,0.4330221117
1083,0.957406287,0.037417820,0.0051758933
1084,0.955419510,0.039163168,0.0054173220
1088,0.468757076,0.097626918,0.4336160066
1089,0.953658182,0.041186187,0.0051556304
1091,0.818443634,0.117940988,0.0636153771
1092,0.860753424,0.134160100,0.0050864758
1093,0.477091497,0.518649757,0.0042587464
1095,0.696785510,0.291664953,0.0115495368
1096,0.308662922,0.411100284,0.2802367941
1099,0.900358252,0.094228569,0.0054131784
1100,0.957406287,0.037417820,0.0051758933
1106,0.020844922,0.307636770,0.6715183084
1109,0.730936744,0.244057940,0.0250053158
1113,0.957406287,0.037417820,0.0051758933
1114,0.382964833,0.603083492,0.0139516745
1119,0.957406287,0.037417820,0.0051758933
1121,0.676813856,0.271308635,0.0518775086
1122,0.712316297,0.277898610,0.0097850929
1123,0.645999012,0.274037119,0.0799638695
1124,0.900358252,0.094228569,0.0054131784
1125,0.690598417,0.299995777,0.0094058059
1127,0.253495981,0.335920962,0.4105830573
1128,0.931073854,0.063288496,0.0056376496
1129,0.953658182,0.041186187,0.0051556304
1130,0.752803788,0.209579521,0.0376166908
1133,0.863291334,0.088348970,0.0483596964
1135,0.352970066,0.587690043,0.0593398910
1138,0.323877733,0.152786877,0.5233353897
1139,0.194045968,0.383352911,0.4226011215
1140,0.982663568,0.009125646,0.0082107859
1141,0.957406287,0.037417820,0.0051758933
1145,0.285196975,0.671964566,0.0428384581
1146,0.945873459,0.042139413,0.0119871281
1147,0.705780714,0.275753906,0.0184653796
1149,0.724769456,0.241033595,0.0341969488
1150,0.828917313,0.160841475,0.0102412114
1151,0.945873459,0.042139413,0.0119871281
1153,0.253495981,0.335920962,0.4105830573
1155,0.784695220,0.169467588,0.0458371921
1156,0.375134301,0.617904762,0.0069609364
1157,0.945873459,0.042139413,0.0119871281
1158,0.916107539,0.078044187,0.0058482739
1160,0.957406287,0.037417820,0.0051758933
1161,0.780011506,0.209893105,0.0100953886
1163,0.740402356,0.252302314,0.0072953307
1167,0.957406287,0.037417820,0.0051758933
1168,0.912271381,0.082243816,0.0054848031
1169,0.024810436,0.031711159,0.9434784050
1170,0.253495981,0.335920962,0.4105830573
1173,0.385246787,0.368387374,0.2463658390
1174,0.040527584,0.959280956,0.0001914593
1175,0.511526741,0.469971194,0.0185020658
1176,0.739209066,0.184640373,0.0761505614
1178,0.336026237,0.424705180,0.2392685831
1179,0.957406287,0.037417820,0.0051758933
1180,0.924477847,0.070250265,0.0052718883
1181,0.912271381,0.082243816,0.0054848031
1182,0.747321916,0.243464332,0.0092137524
1183,0.957406287,0.037417820,0.0051758933
1185,0.384724371,0.598394971,0.0168806584
1186,0.952794331,0.041469341,0.0057363279
1187,0.918974175,0.046552429,0.0344733961
1188,0.957406287,0.037417820,0.0051758933
1189,0.948501100,0.045505166,0.0059937339
1190,0.709710077,0.049064838,0.2412250855
1191,0.470572148,0.390479259,0.1389485931
1192,0.299928309,0.692749515,0.0073221761
1195,0.040749276,0.805587321,0.1536634034
1198,0.845635704,0.145519508,0.0088447874
1199,0.569286836,0.405507608,0.0252055564
1200,0.629271406,0.298928080,0.0718005142
1201,0.967393896,0.026925312,0.0056807925
1202,0.957406287,0.037417820,0.0051758933
1204,0.945491764,0.048164258,0.0063439774
1206,0.196536826,0.274282683,0.5291804907
1208,0.957406287,0.037417820,0.0051758933
1209,0.945873459,0.042139413,0.0119871281
1212,0.957406287,0.037417820,0.0051758933
1219,0.775750812,0.217150774,0.0070984135
1220,0.511526741,0.469971194,0.0185020658
1221,0.723969460,0.243496328,0.0325342129
1224,0.912271381,0.082243816,0.0054848031
1227,0.957406287,0.037417820,0.0051758933
1229,0.957406287,0.037417820,0.0051758933
1230,0.924971781,0.069488697,0.0055395224
1231,0.352970066,0.587690043,0.0593398910
1232,0.907351758,0.086855864,0.0057923785
1233,0.435696838,0.520606044,0.0436971182
1234,0.023782527,0.725353730,0.2508637437
1237,0.944277392,0.049237295,0.0064853130
1238,0.694984842,0.295334807,0.0096803512
1240,0.494908926,0.341695023,0.1633960506
1243,0.858977521,0.135054741,0.0059677382
1245,0.532185511,0.264474409,0.2033400804
1246,0.743006233,0.075692401,0.1813013658
1249,0.912271381,0.082243816,0.0054848031
1250,0.953658182,0.041186187,0.0051556304
1252,0.526433996,0.305490862,0.1680751420
1253,0.685570261,0.284363857,0.0300658828
1254,0.741157263,0.250649295,0.0081934423
1256,0.746706670,0.181212017,0.0720813127
1259,0.026531361,0.967043865,0.0064247736
1260,0.924477847,0.070250265,0.0052718883
1261,0.912271381,0.082243816,0.0054848031
1263,0.705780714,0.275753906,0.0184653796
1267,0.040749276,0.805587321,0.1536634034
1268,0.907351758,0.086855864,0.0057923785
1270,0.705780714,0.275753906,0.0184653796
1272,0.501593870,0.401316422,0.0970897086
1273,0.690395362,0.299988213,0.0096164249
1275,0.296995077,0.281834141,0.4211707825
1276,0.799936061,0.182968567,0.0170953719
1277,0.708876044,0.169272680,0.1218512756
1278,0.696162176,0.272553233,0.0312845910
1279,0.802414721,0.187926201,0.0096590778
1280,0.018310021,0.038542627,0.9431473514
1281,0.402383964,0.582956909,0.0146591269
1285,0.858977521,0.135054741,0.0059677382
1286,0.750157721,0.204106118,0.0457361613
1287,0.908059786,0.086480732,0.0054594819
1288,0.945491764,0.048164258,0.0063439774
1289,0.957406287,0.037417820,0.0051758933
1290,0.923364505,0.071743275,0.0048922203
1291,0.750099565,0.213135943,0.0367644918
1292,0.688529712,0.241896170,0.0695741182
1293,0.957406287,0.037417820,0.0051758933
1294,0.319553934,0.526279913,0.1541661523
1297,0.705780714,0.275753906,0.0184653796
1298,0.656011510,0.290364133,0.0536243571
1300,0.070008784,0.923261197,0.0067300184
1301,0.957406287,0.037417820,0.0051758933
1302,0.900358252,0.094228569,0.0054131784
1303,0.013304101,0.962516421,0.0241794781
1304,0.740820934,0.249239650,0.0099394159
1305,0.020844922,0.307636770,0.6715183084
1306,0.912271381,0.082243816,0.0054848031
1307,0.020790494,0.221356740,0.7578527658
1311,0.712457600,0.278551666,0.0089907346
1313,0.196536826,0.274282683,0.5291804907
1315,0.912271381,0.082243816,0.0054848031
1316,0.799723458,0.186329080,0.0139474620
1317,0.374123828,0.182252457,0.4436237145
1319,0.656011510,0.290364133,0.0536243571
1322,0.020844922,0.307636770,0.6715183084
1323,0.766747994,0.213103012,0.0201489932
1325,0.912271381,0.082243816,0.0054848031
1326,0.409247137,0.391337406,0.1994154573
1327,0.597835879,0.331949848,0.0702142731
1328,0.957406287,0.037417820,0.0051758933
1329,0.517791557,0.474036671,0.0081717719
1330,0.186125985,0.021822271,0.7920517441
1331,0.606718871,0.152898709,0.2403824195
1332,0.687456326,0.270805425,0.0417382494
1333,0.957406287,0.037417820,0.0051758933
1334,0.025965284,0.957031200,0.0170035163
1335,0.489014006,0.364715969,0.1462700244
1336,0.923364505,0.071743275,0.0048922203
1338,0.794015889,0.167616925,0.0383671861
1339,0.427469757,0.139508131,0.4330221117
1340,0.957406287,0.037417820,0.0051758933
1344,0.385246787,0.368387374,0.2463658390
1345,0.754494234,0.183101916,0.0624038495
1346,0.531461314,0.336047181,0.1324915044
1347,0.705780714,0.275753906,0.0184653796
1348,0.957996731,0.037111154,0.0048921144
1350,0.945873459,0.042139413,0.0119871281
1353,0.921875814,0.073239854,0.0048843329
1354,0.912271381,0.082243816,0.0054848031
1356,0.779863785,0.124140438,0.0959957770
1358,0.602136785,0.387825387,0.0100378282
1359,0.912271381,0.082243816,0.0054848031
1360,0.924477847,0.070250265,0.0052718883
1361,0.912271381,0.082243816,0.0054848031
1362,0.067981294,0.750625692,0.1813930140
1363,0.708876044,0.169272680,0.1218512756
1364,0.771461909,0.217853667,0.0106844242
1365,0.952794331,0.041469341,0.0057363279
1366,0.789067879,0.184371097,0.0265610242
1368,0.385246787,0.368387374,0.2463658390
1369,0.798172956,0.194523460,0.0073035846
1370,0.356550681,0.136893898,0.5065554211
1371,0.008261048,0.985969545,0.0057694072
1372,0.823819438,0.127109197,0.0490713653
1374,0.912271381,0.082243816,0.0054848031
1375,0.480453685,0.509879678,0.0096666363
1376,0.666328621,0.299989046,0.0336823330
1377,0.979894963,0.015624624,0.0044804127
1384,0.845635704,0.145519508,0.0088447874
1386,0.738055189,0.231070806,0.0308740049
1388,0.912271381,0.082243816,0.0054848031
1390,0.699025317,0.254931546,0.0460431370
1391,0.446597913,0.544531361,0.0088707262
1392,0.957406287,0.037417820,0.0051758933
1393,0.699946789,0.262978350,0.0370748611
1394,0.774611935,0.186925549,0.0384625154
1396,0.877132956,0.111943879,0.0109231653
1403,0.957406287,0.037417820,0.0051758933
1404,0.729487324,0.261949832,0.0085628441
1407,0.921875814,0.073239854,0.0048843329
1408,0.924477847,0.070250265,0.0052718883
1410,0.908059786,0.086480732,0.0054594819
1411,0.799936061,0.182968567,0.0170953719
1413,0.945491764,0.048164258,0.0063439774
1414,0.912271381,0.082243816,0.0054848031
1417,0.629271406,0.298928080,0.0718005142
1419,0.957406287,0.037417820,0.0051758933
1420,0.285897873,0.713014133,0.0010879939
1422,0.912271381,0.082243816,0.0054848031
1426,0.573931517,0.224039379,0.2020291042
1427,0.592498007,0.384080623,0.0234213708
1429,0.856966148,0.106807660,0.0362261925
1431,0.750157721,0.204106118,0.0457361613
1432,0.942116340,0.053149204,0.0047344558
1435,0.945873459,0.042139413,0.0119871281
1437,0.020844922,0.307636770,0.6715183084
1439,0.951734345,0.042400520,0.0058651351
1440,0.944277392,0.049237295,0.0064853130
1442,0.016371610,0.981090186,0.0025382038
1443,0.957406287,0.037417820,0.0051758933
1445,0.912271381,0.082243816,0.0054848031
1448,0.405747080,0.500157550,0.0940953698
1450,0.700731791,0.290425446,0.0088427628
1452,0.945873459,0.042139413,0.0119871281
1453,0.494908926,0.341695023,0.1633960506
1454,0.957406287,0.037417820,0.0051758933
1458,0.912271381,0.082243816,0.0054848031
1459,0.656011510,0.290364133,0.0536243571
1460,0.957406287,0.037417820,0.0051758933
1461,0.296995077,0.281834141,0.4211707825
1462,0.912271381,0.082243816,0.0054848031
1464,0.539040127,0.340839324,0.1201205486
1465,0.470572148,0.390479259,0.1389485931
1466,0.602136785,0.387825387,0.0100378282
1467,0.743006233,0.075692401,0.1813013658
1468,0.957406287,0.037417820,0.0051758933
1469,0.912271381,0.082243816,0.0054848031
1471,0.685570261,0.284363857,0.0300658828
1474,0.314442257,0.456379023,0.2291787205
1475,0.982020297,0.014395115,0.0035845885
1477,0.385246787,0.368387374,0.2463658390
1480,0.804071161,0.179770091,0.0161587486
1481,0.471438552,0.494194433,0.0343670153
1483,0.433910213,0.023783375,0.5423064127
1484,0.957406287,0.037417820,0.0051758933
1486,0.945491764,0.048164258,0.0063439774
1487,0.960842625,0.032005594,0.0071517809
1489,0.957406287,0.037417820,0.0051758933
1491,0.709754349,0.272755287,0.0174903648
1493,0.385246787,0.368387374,0.2463658390
1494,0.329711051,0.504428214,0.1658607342
1496,0.545585963,0.393848056,0.0605659806
1497,0.479052033,0.221872257,0.2990757109
1498,0.031826283,0.212144087,0.7560296305
1502,0.344195637,0.068877915,0.5869264479
1505,0.435696838,0.520606044,0.0436971182
1506,0.957406287,0.037417820,0.0051758933
1507,0.740820934,0.249239650,0.0099394159
1508,0.385246787,0.368387374,0.2463658390
1510,0.952794331,0.041469341,0.0057363279
1511,0.344195637,0.068877915,0.5869264479
1512,0.912271381,0.082243816,0.0054848031
1514,0.912271381,0.082243816,0.0054848031
1515,0.600083896,0.304886400,0.0950297038
1516,0.705780714,0.275753906,0.0184653796
1518,0.957406287,0.037417820,0.0051758933
1519,0.836512840,0.155033346,0.0084538149
1520,0.696785510,0.291664953,0.0115495368
1521,0.657217962,0.333825468,0.0089565700
1522,0.666328621,0.299989046,0.0336823330
1524,0.900358252,0.094228569,0.0054131784
1525,0.535476979,0.455874367,0.0086486538
1526,0.026151965,0.971342023,0.0025060120
1531,0.546579773,0.434542907,0.0188773202
1532,0.608223157,0.278136049,0.1136407941
1535,0.706636356,0.281650825,0.0117128191
1536,0.186125985,0.021822271,0.7920517441
1539,0.745822988,0.190965385,0.0632116272
1541,0.983990035,0.008064917,0.0079450479
1545,0.698157323,0.249404171,0.0524385057
1549,0.957406287,0.037417820,0.0051758933
1550,0.323877733,0.152786877,0.5233353897
1551,0.409247137,0.391337406,0.1994154573
1552,0.957406287,0.037417820,0.0051758933
1554,0.912271381,0.082243816,0.0054848031
1558,0.912271381,0.082243816,0.0054848031
1559,0.957406287,0.037417820,0.0051758933
1560,0.798172956,0.194523460,0.0073035846
